    5.341880E-05
    5.557778E-05
    5.786836E-05
    6.030130E-05
    6.288843E-05
    6.564284E-05
    6.857899E-05
    7.171290E-05
    7.506239E-05
    7.864724E-05
    8.248953E-05
    8.661389E-05
    9.104793E-05
    9.582257E-05
    1.009726E-04
    1.065372E-04
    1.125606E-04
    1.190929E-04
    1.261909E-04
    1.339191E-04
    1.423512E-04
    1.515713E-04
    1.616755E-04
    1.727745E-04
    1.849950E-04
    1.984834E-04
    2.134084E-04
    2.299648E-04
    2.483777E-04
    2.689072E-04
    2.918535E-04
    3.175619E-04
    3.464282E-04
    3.789021E-04
    4.154893E-04
    4.567479E-04
    5.032775E-04
    5.556935E-04
    6.145810E-04
    6.804155E-04
    7.534380E-04
    8.334709E-04
    9.196683E-04
    1.010214E-03
    1.102022E-03
    1.190546E-03
    1.269885E-03
    1.333355E-03
    1.374576E-03
    1.388889E-03
    1.374577E-03
    1.333356E-03
    1.269888E-03
    1.190548E-03
    1.102025E-03
    1.010217E-03
    9.196711E-04
    8.334735E-04
    7.534405E-04
    6.804178E-04
    6.145830E-04
    5.556953E-04
    5.032790E-04
    4.567493E-04
    4.154906E-04
    3.789032E-04
    3.464292E-04
    3.175628E-04
    2.918543E-04
    2.689079E-04
    2.483783E-04
    2.299653E-04
    2.134089E-04
    1.984838E-04
    1.849954E-04
    1.727748E-04
    1.616759E-04
    1.515716E-04
    1.423515E-04
    1.339194E-04
    1.261911E-04
    1.190931E-04
    1.125608E-04
    1.065374E-04
    1.009728E-04
    9.582272E-05
    9.104807E-05
    8.661403E-05
    8.248965E-05
    7.864735E-05
    7.506250E-05
    7.171301E-05
    6.857909E-05
    6.564293E-05
    6.288852E-05
    6.030138E-05
    5.786844E-05
    5.557785E-05
    5.341880E-05
