        2.000000
        2.333333
        2.500000
        3.000000
        3.333333
        3.857143
        4.250000
        4.777778
        5.200000
        5.727273
        6.166667
        6.692308
        7.142858
        7.666666
        1.414214
        1.452966
        1.500000
        1.562050
        1.632993
        1.708323
        1.785357
        1.862562
        1.939072
        2.014411
        2.088327
        2.160703
        2.231500
        2.300725
        1.000000
        1.000000
        1.000000
        1.000000
        1.000000
        1.000000
        1.000000
        1.000000
        1.000000
        1.000000
        1.000000
        1.000000
        1.000000
        1.000000
