    6.147728E-01
    5.235337E-02
    4.731032E-01
    1.667052E-01
    4.589703E-01
    1.866292E-01
    2.309817E-01
    1.911450E-01
    1.317739E-01
    1.520623E-01
    2.847193E-02
    1.034924E-01
    1.079545E-02
    6.548064E-02
    2.232816E-02
    3.404598E-02
    2.220786E-02
    1.564821E-02
    1.720611E-02
    5.025114E-03
    1.163193E-02
    1.242417E-04
    7.073808E-03
    1.670530E-03
    3.838107E-03
    1.952367E-03
    1.830412E-03
    1.622078E-03
    6.975621E-04
    1.145786E-03
    1.360291E-04
    7.215602E-04
    9.627581E-05
    4.093944E-04
    1.586308E-04
    2.066907E-04
    1.461164E-04
    8.808687E-05
    1.092991E-04
    2.586905E-05
    6.147728E-01
    5.235337E-02
    4.731032E-01
    1.667052E-01
    4.589703E-01
    1.866292E-01
    2.309817E-01
    1.911450E-01
    1.317739E-01
    1.520623E-01
    2.847193E-02
    1.034924E-01
    1.079545E-02
    6.548064E-02
    2.232816E-02
    3.404598E-02
    2.220786E-02
    1.564821E-02
    1.720611E-02
    5.025114E-03
    1.163193E-02
    1.242417E-04
    7.073808E-03
    1.670530E-03
    3.838107E-03
    1.952367E-03
    1.830412E-03
    1.622078E-03
    6.975621E-04
    1.145786E-03
    1.360291E-04
    7.215602E-04
    9.627581E-05
    4.093944E-04
    1.586308E-04
    2.066907E-04
    1.461164E-04
    8.808687E-05
    1.092991E-04
    2.586905E-05
    6.147728E-01
    5.235337E-02
    4.731032E-01
    1.667052E-01
    4.589703E-01
    1.866292E-01
    2.309817E-01
    1.911450E-01
    1.317739E-01
    1.520623E-01
    2.847193E-02
    1.034924E-01
    1.079545E-02
    6.548064E-02
    2.232816E-02
    3.404598E-02
    2.220786E-02
    1.564821E-02
    1.720611E-02
    5.025114E-03
    1.163193E-02
    1.242417E-04
    7.073808E-03
    1.670530E-03
    3.838107E-03
    1.952367E-03
    1.830412E-03
    1.622078E-03
    6.975621E-04
    1.145786E-03
    1.360291E-04
    7.215602E-04
    9.627581E-05
    4.093944E-04
    1.586308E-04
    2.066907E-04
    1.461164E-04
    8.808687E-05
    1.092991E-04
    2.586905E-05
    6.147728E-01
    5.235337E-02
    4.731032E-01
    1.667052E-01
    4.589703E-01
    1.866292E-01
    2.309817E-01
    1.911450E-01
    1.317739E-01
    1.520623E-01
    2.847193E-02
    1.034924E-01
    1.079545E-02
    6.548064E-02
    2.232816E-02
    3.404598E-02
    2.220786E-02
    1.564821E-02
    1.720611E-02
    5.025114E-03
    1.163193E-02
    1.242417E-04
    7.073808E-03
    1.670530E-03
    3.838107E-03
    1.952367E-03
    1.830412E-03
    1.622078E-03
    6.975621E-04
    1.145786E-03
    1.360291E-04
    7.215602E-04
    9.627581E-05
    4.093944E-04
    1.586308E-04
    2.066907E-04
    1.461164E-04
    8.808687E-05
    1.092991E-04
    2.586905E-05
