    5.555556E-01
        1.196783
    5.527470E-01
        1.261756
    5.904372E-01
        1.486547
    6.396325E-01
        1.805972
    6.901367E-01
        2.021024
    7.384002E-01
        1.721453
    7.830222E-01
        1.537153
    8.233944E-01
        1.414524
    8.592984E-01
        1.328672
    8.907645E-01
        1.266414
    9.179940E-01
        1.220105
    9.413016E-01
        1.185007
    9.610666E-01
        1.158023
    9.776953E-01
        1.137051
    9.915923E-01
        1.120613
        1.003142
        1.107642
        1.012696
        1.097354
        1.020569
        1.089159
        1.027037
        1.082611
        1.032337
        1.077364
    5.555556E-01
        1.196783
    5.527470E-01
        1.261756
    5.904372E-01
        1.486547
    6.396325E-01
        1.805972
    6.901367E-01
        2.021024
    7.384002E-01
        1.721453
    7.830222E-01
        1.537153
    8.233944E-01
        1.414524
    8.592984E-01
        1.328672
    8.907645E-01
        1.266414
    9.179940E-01
        1.220105
    9.413016E-01
        1.185007
    9.610666E-01
        1.158023
    9.776953E-01
        1.137051
    9.915923E-01
        1.120613
        1.003142
        1.107642
        1.012696
        1.097354
        1.020569
        1.089159
        1.027037
        1.082611
        1.032337
        1.077364
    5.555556E-01
        1.196783
    5.527470E-01
        1.261756
    5.904372E-01
        1.486547
    6.396325E-01
        1.805972
    6.901367E-01
        2.021024
    7.384002E-01
        1.721453
    7.830222E-01
        1.537153
    8.233944E-01
        1.414524
    8.592984E-01
        1.328672
    8.907645E-01
        1.266414
    9.179940E-01
        1.220105
    9.413016E-01
        1.185007
    9.610666E-01
        1.158023
    9.776953E-01
        1.137051
    9.915923E-01
        1.120613
        1.003142
        1.107642
        1.012696
        1.097354
        1.020569
        1.089159
        1.027037
        1.082611
        1.032337
        1.077364
    5.555556E-01
        1.196783
    5.527470E-01
        1.261756
    5.904372E-01
        1.486547
    6.396325E-01
        1.805972
    6.901367E-01
        2.021024
    7.384002E-01
        1.721453
    7.830222E-01
        1.537153
    8.233944E-01
        1.414524
    8.592984E-01
        1.328672
    8.907645E-01
        1.266414
    9.179940E-01
        1.220105
    9.413016E-01
        1.185007
    9.610666E-01
        1.158023
    9.776953E-01
        1.137051
    9.915923E-01
        1.120613
        1.003142
        1.107642
        1.012696
        1.097354
        1.020569
        1.089159
        1.027037
        1.082611
        1.032337
        1.077364
