        1.000000
    3.902439E-01
    3.790665E-01
    4.756684E-01
    9.776469E-02
    8.411225E-02
    1.043772E-01
    3.023402E-02
    5.594211E-02
    2.586966E-02
    2.089788E-02
    2.338918E-02
    1.389246E-02
    1.354386E-02
    1.081882E-02
    8.283925E-03
    7.229544E-03
    5.650554E-03
    4.633154E-03
    3.813813E-03
    3.054566E-03
    2.510442E-03
    2.036033E-03
    1.652870E-03
    1.348515E-03
    1.094714E-03
    8.911499E-04
    7.249737E-04
    5.887384E-04
    4.791442E-04
    3.899845E-04
    3.173013E-04
    2.580583E-04
    2.100915E-04
    1.706351E-04
    1.385147E-04
    1.128855E-04
    9.190754E-05
    7.509931E-05
    6.145112E-05
    4.988797E-05
    4.059021E-05
    3.319929E-05
    2.700066E-05
    2.175549E-05
    1.770247E-05
    1.472225E-05
    1.192088E-05
    9.655910E-06
    8.046605E-06
    6.496888E-06
    5.006781E-06
    4.053108E-06
    3.635879E-06
    2.801415E-06
    2.264975E-06
    2.026556E-06
    1.549720E-06
    1.549720E-06
    1.251697E-06
    7.748601E-07
    6.556509E-07
    6.556509E-07
    3.576278E-07
    1.192093E-07
    5.960462E-07
    5.960464E-07
    2.384186E-07
    1.192093E-07
    2.384186E-07
    2.384186E-07
    1.192093E-07
    2.384185E-07
    2.384186E-07
    1.192093E-07
    2.384186E-07
    2.384186E-07
    1.192093E-07
    2.384185E-07
    2.384186E-07
    1.192093E-07
    2.384186E-07
    2.384186E-07
    1.192093E-07
    2.384185E-07
    2.384186E-07
    1.192093E-07
    2.384186E-07
    2.384186E-07
    1.192093E-07
    2.384185E-07
    2.384186E-07
    1.192093E-07
    2.384186E-07
    2.384186E-07
    1.192093E-07
    2.384185E-07
    2.384186E-07
    1.192093E-07
    2.384186E-07
    2.384186E-07
    1.192093E-07
    2.384185E-07
    2.384186E-07
    1.192093E-07
    2.384186E-07
    2.384186E-07
    1.192093E-07
    2.384185E-07
    2.384186E-07
    1.192093E-07
    2.384186E-07
    2.384186E-07
    1.192093E-07
    2.384185E-07
    2.384186E-07
    1.192093E-07
    2.384186E-07
    2.384186E-07
    1.192093E-07
    2.384185E-07
    2.384186E-07
    1.192093E-07
    2.384186E-07
    2.384186E-07
    1.192093E-07
    2.384185E-07
    2.384186E-07
    1.192093E-07
    2.384186E-07
    2.384186E-07
    1.192093E-07
    2.384185E-07
    2.384186E-07
    1.192093E-07
    2.384186E-07
    2.384186E-07
    1.192093E-07
    2.384185E-07
    2.384186E-07
    1.192093E-07
    2.384186E-07
    2.384186E-07
    1.192093E-07
    2.384185E-07
    2.384186E-07
    1.192093E-07
    2.384186E-07
    2.384186E-07
    1.192093E-07
    2.384185E-07
    2.384186E-07
    1.192093E-07
    2.384186E-07
    2.384186E-07
    1.192093E-07
    2.384185E-07
    2.384186E-07
    1.192093E-07
    2.384186E-07
