        1.000000
        2.772727
        1.433498
        2.001645
        1.581123
        1.961774
        1.588528
        1.907052
        1.648260
        1.817673
        1.706833
        1.775723
        1.726510
        1.766392
        1.731845
        1.760597
        1.738235
        1.754191
        1.743308
        1.750693
        1.745377
        1.749498
        1.746164
        1.748834
        1.746781
        1.748284
        1.747218
        1.747972
        1.747423
        1.747840
        1.747515
        1.747768
        1.747575
        1.747718
        1.747614
        1.747689
        1.747634
        1.747676
        1.747644
        1.747668
        1.747650
        1.747663
        1.747653
        1.747661
        1.747655
        1.747660
        1.747656
        1.747659
        1.747657
        1.747658
        1.747657
        1.747658
        1.747658
        1.747658
        1.747658
        1.747658
        1.747658
        1.747658
        1.747658
        1.747658
        1.747658
        1.747658
        1.747658
        1.747658
        1.747658
        1.747658
        1.747658
        1.747658
        1.747658
        1.747658
        1.747658
        1.747658
        1.747658
        1.747658
        1.747658
        1.747658
        1.747658
        1.747658
        1.747658
        1.747658
        1.747658
        1.747658
        1.747658
        1.747658
        1.747658
        1.747658
        1.747658
        1.747658
        1.747658
        1.747658
        1.747658
        1.747658
        1.747658
        1.747658
        1.747658
        1.747658
        1.747658
        1.747658
        1.747658
        1.747658
        1.747658
        1.747658
        1.747658
        1.747658
        1.747658
        1.747658
        1.747658
        1.747658
        1.747658
        1.747658
        1.747658
        1.747658
        1.747658
        1.747658
        1.747658
        1.747658
        1.747658
        1.747658
        1.747658
        1.747658
        1.747658
        1.747658
        1.747658
        1.747658
        1.747658
        1.747658
        1.747658
        1.747658
        1.747658
        1.747658
        1.747658
        1.747658
        1.747658
        1.747658
        1.747658
        1.747658
        1.747658
        1.747658
        1.747658
        1.747658
        1.747658
        1.747658
        1.747658
        1.747658
        1.747658
        1.747658
        1.747658
        1.747658
        1.747658
        1.747658
        1.747658
        1.747658
        1.747658
        1.747658
        1.747658
        1.747658
        1.747658
        1.747658
        1.747658
        1.747658
