        1.000000
        1.086957
        2.109324
    4.345610E-01
    2.980949E-01
    5.842401E-01
    1.225982E-01
    1.236501E-01
    1.415206E-01
    3.617796E-02
    4.353153E-02
    3.180218E-02
    7.516457E-03
    1.255977E-02
    6.748311E-03
    3.164563E-03
    3.333379E-03
    1.590084E-03
    1.131928E-03
    8.634662E-04
    3.335924E-04
    3.474684E-04
    1.983957E-04
    6.412958E-05
    9.739091E-05
    4.696661E-05
    2.711955E-05
    2.634500E-05
    1.072872E-05
    9.179067E-06
    6.616096E-06
    2.145761E-06
    2.741813E-06
    1.192092E-06
    4.768368E-07
    8.940693E-07
    5.960462E-07
    4.768370E-07
    4.172325E-07
    1.788139E-07
    1.192093E-07
    2.384186E-07
    1.192093E-07
    1.788139E-07
    1.788139E-07
    1.788139E-07
    1.192093E-07
    2.384186E-07
    1.192093E-07
    1.788139E-07
    1.788139E-07
    1.788139E-07
    1.192093E-07
    2.384186E-07
    1.192093E-07
    1.788139E-07
    1.788139E-07
    1.788139E-07
    1.192093E-07
    2.384186E-07
    1.192093E-07
    1.788139E-07
    1.788139E-07
    1.788139E-07
    1.192093E-07
    2.384186E-07
    1.192093E-07
    1.788139E-07
    1.788139E-07
    1.788139E-07
    1.192093E-07
    2.384186E-07
    1.192093E-07
    1.788139E-07
    1.788139E-07
    1.788139E-07
    1.192093E-07
    2.384186E-07
    1.192093E-07
    1.788139E-07
    1.788139E-07
    1.788139E-07
    1.192093E-07
    2.384186E-07
    1.192093E-07
    1.788139E-07
    1.788139E-07
    1.788139E-07
    1.192093E-07
    2.384186E-07
    1.192093E-07
    1.788139E-07
    1.788139E-07
    1.788139E-07
    1.192093E-07
    2.384186E-07
    1.192093E-07
    1.788139E-07
    1.788139E-07
    1.788139E-07
    1.192093E-07
    2.384186E-07
    1.192093E-07
    1.788139E-07
    1.788139E-07
    1.788139E-07
    1.192093E-07
    2.384186E-07
    1.192093E-07
    1.788139E-07
    1.788139E-07
    1.788139E-07
    1.192093E-07
    2.384186E-07
    1.192093E-07
    1.788139E-07
    1.788139E-07
    1.788139E-07
    1.192093E-07
    2.384186E-07
    1.192093E-07
    1.788139E-07
    1.788139E-07
    1.788139E-07
    1.192093E-07
    2.384186E-07
    1.192093E-07
    1.788139E-07
    1.788139E-07
    1.788139E-07
    1.192093E-07
    2.384186E-07
    1.192093E-07
    1.788139E-07
    1.788139E-07
    1.788139E-07
    1.192093E-07
    2.384186E-07
    1.192093E-07
    1.788139E-07
    1.788139E-07
    1.788139E-07
    1.192093E-07
    2.384186E-07
    1.192093E-07
    1.788139E-07
    1.788139E-07
    1.788139E-07
    1.192093E-07
    2.384186E-07
    1.192093E-07
    1.788139E-07
    1.788139E-07
    1.788139E-07
    1.192093E-07
    2.384186E-07
    1.192093E-07
    1.788139E-07
    1.788139E-07
    1.788139E-07
