GRUPPO_5 ESERCIZIO_1

Considerando il metodo di Gauss per la risuluzione dei sistemi lineari di tipo: 'Ax=b'.
ELIMINAZIONE DI GAUSS: 
Costituisce un algoritmo che ha come obiettivo quello di trasformare una matrice M in una matrice M' triangolare superiore.

Utilizziamo sperimentalmente l'eliminazione gaussiana per risolvere il seguente esercizio:
' Risolvere un sistema lineare Ax=b con il metodo di Gauss.
 La matrice A dei coefficienti deve appartenere ad una delle famiglie
 di matrici viste nel Gruppo III degli esercizi. La iesima componente 
 del vettore b dei termini noti deve essere generato come somma degli 
 elementi della i-esima riga di A. In tal caso la soluzione è il vettore 
 con tutte le componenti uguali ad 1. Calcolare l’errore relativo tra la 
 soluzione data dal calcolatore e la soluzione esatta. Analizzare i risultati ottenuti.'

****************************** TEST 1 ***********************************

 Dato un vettore di dimensione N=7
 Data la matrice di Vandermonde di ordine N=7
 Considerando gli estremi dell'intervallo [a,b]=[-1,1]

 MATRICE DI VANDERMONDE: 

   1.000   -1.000    1.000   -1.000    1.000   -1.000    1.000    1.000

   1.000    -.714     .510    -.364     .260    -.186     .133     .639

   1.000    -.429     .184    -.079     .034    -.014     .006     .702

   1.000    -.143     .020    -.003     .000     .000     .000     .875

   1.000     .143     .020     .003     .000     .000     .000    1.167

   1.000     .429     .184     .079     .034     .014     .006    1.745

   1.000    1.000    1.000    1.000    1.000    1.000    1.000    7.000


 FATTORIZZAZIONE DI GAUSS:

   1.000   -1.000    1.000   -1.000    1.000   -1.000    1.000    1.000

   1.000    2.000     .000    2.000     .000    2.000     .000    6.000

   1.000     .571    -.490     .350    -.740     .528    -.867   -1.218

   1.000     .857    -.980    -.233     .267    -.466     .452     .018

   1.000    1.143    -.980    -.840    -.160     .206    -.349    -.304

   1.000    1.429    -.816    -.933    -.800    -.137     .157     .020

   1.000     .286    -.816    -.560    -.480    -.457    -.131    -.131


BACK:

 X 1 =       1.00000000
 X 2 =       1.00000000
 X 3 =        .99999830
 X 4 =       1.00000200
 X 5 =       1.00000700
 X 6 =        .99999790
 X 7 =        .99999480

 RISULTATO:
 Errore relativo della soluzione:   6.794883E-06
 
************************************** TEST 2 ***************************************

 Dato un vettore di dimensione N=33
 Data la matrice di Vandermonde di ordine N=33
 Considerando gli estremi dell'intervallo [a,b]=[-1,1]

 MATRICE DI VANDERMONDE: 

 1.000   -1.000    1.000   -1.000    1.000   -1.000    1.000   -1.000    1.000   -1.000
   1.000   -1.000    1.000   -1.000    1.000   -1.000    1.000   -1.000    1.000   -1.000
   1.000   -1.000    1.000   -1.000    1.000   -1.000    1.000   -1.000    1.000   -1.000
   1.000   -1.000    1.000    1.000

   1.000    -.939     .882    -.829     .779    -.732     .687    -.646     .606    -.570
    .535    -.503     .472    -.444     .417    -.391     .368    -.345     .325    -.305
    .286    -.269     .253    -.237     .223    -.210     .197    -.185     .174    -.163
    .153    -.144     .135     .581

   1.000    -.879     .772    -.679     .596    -.524     .461    -.405     .356    -.313
    .275    -.241     .212    -.186     .164    -.144     .127    -.111     .098    -.086
    .075    -.066     .058    -.051     .045    -.040     .035    -.031     .027    -.024
    .021    -.018     .016     .540

   1.000    -.818     .669    -.548     .448    -.367     .300    -.245     .201    -.164
    .134    -.110     .090    -.074     .060    -.049     .040    -.033     .027    -.022
    .018    -.015     .012    -.010     .008    -.007     .005    -.004     .004    -.003
    .002    -.002     .002     .551

   1.000    -.758     .574    -.435     .329    -.250     .189    -.143     .108    -.082
    .062    -.047     .036    -.027     .021    -.016     .012    -.009     .007    -.005
    .004    -.003     .002    -.002     .001    -.001     .001    -.001     .000     .000
    .000     .000     .000     .569

   1.000    -.697     .486    -.339     .236    -.164     .115    -.080     .056    -.039
    .027    -.019     .013    -.009     .006    -.004     .003    -.002     .002    -.001
    .001    -.001     .000     .000     .000     .000     .000     .000     .000     .000
    .000     .000     .000     .589

   1.000    -.636     .405    -.258     .164    -.104     .066    -.042     .027    -.017
    .011    -.007     .004    -.003     .002    -.001     .001     .000     .000     .000
    .000     .000     .000     .000     .000     .000     .000     .000     .000     .000
    .000     .000     .000     .611

   1.000    -.576     .331    -.191     .110    -.063     .036    -.021     .012    -.007
    .004    -.002     .001    -.001     .000     .000     .000     .000     .000     .000
    .000     .000     .000     .000     .000     .000     .000     .000     .000     .000
    .000     .000     .000     .635

   1.000    -.515     .265    -.137     .070    -.036     .019    -.010     .005    -.003
    .001    -.001     .000     .000     .000     .000     .000     .000     .000     .000
    .000     .000     .000     .000     .000     .000     .000     .000     .000     .000
    .000     .000     .000     .660

   1.000    -.455     .207    -.094     .043    -.019     .009    -.004     .002    -.001
    .000     .000     .000     .000     .000     .000     .000     .000     .000     .000
    .000     .000     .000     .000     .000     .000     .000     .000     .000     .000
    .000     .000     .000     .688

   1.000    -.394     .155    -.061     .024    -.009     .004    -.001     .001     .000
    .000     .000     .000     .000     .000     .000     .000     .000     .000     .000
    .000     .000     .000     .000     .000     .000     .000     .000     .000     .000
    .000     .000     .000     .717

   1.000    -.333     .111    -.037     .012    -.004     .001     .000     .000     .000
    .000     .000     .000     .000     .000     .000     .000     .000     .000     .000
    .000     .000     .000     .000     .000     .000     .000     .000     .000     .000
    .000     .000     .000     .750

   1.000    -.273     .074    -.020     .006    -.002     .000     .000     .000     .000
    .000     .000     .000     .000     .000     .000     .000     .000     .000     .000
    .000     .000     .000     .000     .000     .000     .000     .000     .000     .000
    .000     .000     .000     .786

   1.000    -.212     .045    -.010     .002     .000     .000     .000     .000     .000
    .000     .000     .000     .000     .000     .000     .000     .000     .000     .000
    .000     .000     .000     .000     .000     .000     .000     .000     .000     .000
    .000     .000     .000     .825

   1.000    -.152     .023    -.003     .001     .000     .000     .000     .000     .000
    .000     .000     .000     .000     .000     .000     .000     .000     .000     .000
    .000     .000     .000     .000     .000     .000     .000     .000     .000     .000
    .000     .000     .000     .868

   1.000    -.091     .008    -.001     .000     .000     .000     .000     .000     .000
    .000     .000     .000     .000     .000     .000     .000     .000     .000     .000
    .000     .000     .000     .000     .000     .000     .000     .000     .000     .000
    .000     .000     .000     .917

   1.000    -.030     .001     .000     .000     .000     .000     .000     .000     .000
    .000     .000     .000     .000     .000     .000     .000     .000     .000     .000
    .000     .000     .000     .000     .000     .000     .000     .000     .000     .000
    .000     .000     .000     .971

   1.000     .030     .001     .000     .000     .000     .000     .000     .000     .000
    .000     .000     .000     .000     .000     .000     .000     .000     .000     .000
    .000     .000     .000     .000     .000     .000     .000     .000     .000     .000
    .000     .000     .000    1.031

   1.000     .091     .008     .001     .000     .000     .000     .000     .000     .000
    .000     .000     .000     .000     .000     .000     .000     .000     .000     .000
    .000     .000     .000     .000     .000     .000     .000     .000     .000     .000
    .000     .000     .000    1.100

   1.000     .152     .023     .003     .001     .000     .000     .000     .000     .000
    .000     .000     .000     .000     .000     .000     .000     .000     .000     .000
    .000     .000     .000     .000     .000     .000     .000     .000     .000     .000
    .000     .000     .000    1.179

   1.000     .212     .045     .010     .002     .000     .000     .000     .000     .000
    .000     .000     .000     .000     .000     .000     .000     .000     .000     .000
    .000     .000     .000     .000     .000     .000     .000     .000     .000     .000
    .000     .000     .000    1.269

   1.000     .273     .074     .020     .006     .002     .000     .000     .000     .000
    .000     .000     .000     .000     .000     .000     .000     .000     .000     .000
    .000     .000     .000     .000     .000     .000     .000     .000     .000     .000
    .000     .000     .000    1.375

   1.000     .333     .111     .037     .012     .004     .001     .000     .000     .000
    .000     .000     .000     .000     .000     .000     .000     .000     .000     .000
    .000     .000     .000     .000     .000     .000     .000     .000     .000     .000
    .000     .000     .000    1.500

   1.000     .394     .155     .061     .024     .009     .004     .001     .001     .000
    .000     .000     .000     .000     .000     .000     .000     .000     .000     .000
    .000     .000     .000     .000     .000     .000     .000     .000     .000     .000
    .000     .000     .000    1.650

   1.000     .455     .207     .094     .043     .019     .009     .004     .002     .001
    .000     .000     .000     .000     .000     .000     .000     .000     .000     .000
    .000     .000     .000     .000     .000     .000     .000     .000     .000     .000
    .000     .000     .000    1.833

   1.000     .515     .265     .137     .070     .036     .019     .010     .005     .003
    .001     .001     .000     .000     .000     .000     .000     .000     .000     .000
    .000     .000     .000     .000     .000     .000     .000     .000     .000     .000
    .000     .000     .000    2.063

   1.000     .576     .331     .191     .110     .063     .036     .021     .012     .007
    .004     .002     .001     .001     .000     .000     .000     .000     .000     .000
    .000     .000     .000     .000     .000     .000     .000     .000     .000     .000
    .000     .000     .000    2.357

   1.000     .636     .405     .258     .164     .104     .066     .042     .027     .017
    .011     .007     .004     .003     .002     .001     .001     .000     .000     .000
    .000     .000     .000     .000     .000     .000     .000     .000     .000     .000
    .000     .000     .000    2.750

   1.000     .697     .486     .339     .236     .164     .115     .080     .056     .039
    .027     .019     .013     .009     .006     .004     .003     .002     .002     .001
    .001     .001     .000     .000     .000     .000     .000     .000     .000     .000
    .000     .000     .000    3.300

   1.000     .758     .574     .435     .329     .250     .189     .143     .108     .082
    .062     .047     .036     .027     .021     .016     .012     .009     .007     .005
    .004     .003     .002     .002     .001     .001     .001     .001     .000     .000
    .000     .000     .000    4.125

   1.000     .818     .669     .548     .448     .367     .300     .245     .201     .164
    .134     .110     .090     .074     .060     .049     .040     .033     .027     .022
    .018     .015     .012     .010     .008     .007     .005     .004     .004     .003
    .002     .002     .002    5.493

   1.000     .879     .772     .679     .596     .524     .461     .405     .356     .313
    .275     .241     .212     .186     .164     .144     .127     .111     .098     .086
    .075     .066     .058     .051     .045     .040     .035     .031     .027     .024
    .021     .018     .016    8.134

   1.000    1.000    1.000    1.000    1.000    1.000    1.000    1.000    1.000    1.000
   1.000    1.000    1.000    1.000    1.000    1.000    1.000    1.000    1.000    1.000
   1.000    1.000    1.000    1.000    1.000    1.000    1.000    1.000    1.000    1.000
   1.000    1.000    1.000   33.000


 FATTORIZZAZIONE DI GAUSS:

   1.000   -1.000    1.000   -1.000    1.000   -1.000    1.000   -1.000    1.000   -1.000
   1.000   -1.000    1.000   -1.000    1.000   -1.000    1.000   -1.000    1.000   -1.000
   1.000   -1.000    1.000   -1.000    1.000   -1.000    1.000   -1.000    1.000   -1.000
   1.000   -1.000    1.000    1.000

   1.000    2.000     .000    2.000     .000    2.000     .000    2.000     .000    2.000
    .000    2.000     .000    2.000     .000    2.000     .000    2.000     .000    2.000
    .000    2.000     .000    2.000     .000    2.000     .000    2.000     .000    2.000
    .000    2.000     .000   32.000

   1.000     .121    -.118     .110    -.221     .208    -.313     .294    -.394     .370
   -.465     .437    -.528     .496    -.583     .548    -.632     .594    -.675     .635
   -.714     .670    -.747     .702    -.777     .730    -.803     .755    -.826     .776
   -.847     .795    -.865   -1.389

   1.000     .182    -.331    -.014     .025    -.048     .067    -.095     .118    -.150
    .175    -.209     .235    -.268     .294    -.327     .351    -.383     .406    -.436
    .458    -.486     .506    -.533     .550    -.575     .591    -.614     .628    -.649
    .661    -.681     .691     .291

   1.000     .242    -.426    -.077    -.002     .006    -.014     .023    -.036     .050
   -.067     .086    -.107     .129    -.153     .177    -.202     .227    -.253     .279
   -.305     .330    -.356     .380    -.405     .428    -.451     .473    -.495     .516
   -.536     .555    -.574    -.297

   1.000     .303    -.514    -.125    -.023    -.001     .002    -.005     .009    -.015
    .023    -.033     .045    -.059     .075    -.093     .112    -.132     .153    -.175
    .198    -.221     .245    -.269     .293    -.317     .340    -.363     .386    -.409
    .430    -.452     .472     .240

   1.000     .364    -.595    -.180    -.044    -.008     .000     .001    -.002     .004
   -.007     .012    -.018     .026    -.035     .047    -.060     .074    -.090     .108
   -.126     .146    -.167     .188    -.210     .232    -.254     .277    -.299     .322
   -.344     .366    -.387    -.199

   1.000     .424    -.669    -.243    -.074    -.018    -.003     .000     .000    -.001
    .002    -.004     .007    -.011     .016    -.023     .032    -.042     .053    -.066
    .081    -.097     .114    -.132     .152    -.172     .192    -.213     .235    -.256
    .278    -.300     .322     .166

   1.000     .485    -.735    -.312    -.113    -.034    -.008    -.002     .000     .000
    .000     .000    -.001     .002    -.003     .006    -.009     .013    -.018     .024
   -.031     .039    -.049     .059    -.070     .082    -.095     .109    -.123     .138
   -.153     .168    -.183    -.096

   1.000     .545    -.793    -.385    -.163    -.059    -.018    -.005     .000   29.404
-135.056  390.785 -898.972 1768.216 ******** 5068.977 ******** ******** ******** ********
******** ******** ******** ******** ******** ******** ******** ******** ******** ********
******** ******** ******** ********

   1.000     .606    -.845    -.461    -.223    -.095    -.034    -.011    -.001     .009
    .984   -3.534   10.066  -21.937   42.351  -72.958  116.856 -175.351  250.841 -343.539
 455.311 -585.128  733.792 -899.676 1082.677 ******** 1492.646 ******** 1951.249 ********
2444.563 ******** 2958.589 1546.920

   1.000     .667    -.889    -.539    -.294    -.142    -.060    -.023    -.003     .027
    .002     .000     .000     .000     .000     .000     .001    -.001     .002    -.003
    .004    -.006     .008    -.011     .014    -.017     .021    -.025     .030    -.035
    .040    -.046     .051     .027

   1.000     .727    -.926    -.617    -.374    -.204    -.099    -.044    -.008     .067
    .006     .000     .524   -2.202    6.129  -14.126   27.218  -48.022   77.541 -117.815
 170.098 -235.655  314.633 -408.116  515.360 -636.823  770.726 -917.308 1074.991 ********
1419.422 ******** 1793.594  942.876

   1.000     .788    -.955    -.695    -.463    -.281    -.153    -.077    -.018     .145
    .013    -.002     .013     .085    -.242     .743   -1.497    2.938   -4.933    7.922
 -11.770   16.910  -23.046   30.657  -39.332   49.515  -60.657   73.209  -86.628  101.291
-116.550  132.821 -149.510  -77.993

   1.000     .848    -.977    -.770    -.560    -.373    -.226    -.127    -.037     .285
    .027    -.004     .026     .008     .004    -.012     .036    -.070     .139    -.221
    .364    -.523     .756   -1.014    1.352   -1.707    2.160   -2.607    3.158   -3.701
   4.341   -4.947    5.655    3.152

   1.000     .909    -.992    -.841    -.663    -.482    -.321    -.200    -.070     .521
    .049    -.009     .047     .016    -.001     .011    -.027     .071    -.138     .252
   -.407     .637    -.919    1.288   -1.723    2.260   -2.847    3.542   -4.291    5.134
  -6.012    6.980   -7.972   -4.151

   1.000     .970    -.999    -.908    -.771    -.607    -.441    -.302    -.123     .892
    .086    -.017     .077     .027    -.001     .011     .003    -.004     .011    -.014
    .028    -.037     .056    -.075     .101    -.120     .175    -.190     .236    -.265
    .335    -.351     .428     .306

   1.000    1.030    -.999    -.969    -.881    -.747    -.588    -.439    -.203    1.449
    .139    -.027     .114     .041    -.002     .009    -.001     .001     .000     .002
    .001     .003     .003    -.003     .009    -.009     .013    -.021     .034    -.033
    .060    -.058     .077     .068

   1.000    1.091    -.992   -1.022    -.991    -.901    -.764    -.616    -.321    2.248
    .213    -.040     .158     .056    -.003     .010     .001     .000     .001    -.001
    .004    -.007     .014    -.020     .030    -.036     .049    -.059     .079    -.098
    .126    -.145     .173     .099

   1.000    1.152    -.977   -1.066   -1.098   -1.065    -.967    -.839    -.485    3.347
    .309    -.054     .200     .071    -.002     .008     .001     .000     .001     .000
    .000     .000     .000     .000     .000     .000    -.001    -.001     .000     .002
   -.001     .004    -.005    -.003

   1.000    1.212    -.955   -1.100   -1.200   -1.236   -1.198   -1.112    -.707    4.808
    .428    -.066     .233     .082    -.002     .004     .001     .000     .000     .000
    .001    -.008     .018    -.026     .042    -.048     .071    -.074     .111    -.151
    .191    -.238     .287     .152

   1.000    1.273    -.926   -1.122   -1.292   -1.409   -1.451   -1.435    -.997    6.679
    .564    -.074     .247     .004     .000     .004    -.001     .000     .000     .000
    .000     .006    -.014     .020    -.031     .033    -.050     .049    -.074     .103
   -.136     .163    -.200    -.103

   1.000    1.333    -.889   -1.131   -1.371   -1.579   -1.721   -1.807   -1.361    8.995
    .708    -.073     .233     .077     .002    -.003    -.001     .000    -.001    -.001
    .000     .000     .001    -.001     .002     .000     .000     .001     .000     .002
    .002     .002     .000     .002

   1.000    1.394    -.845   -1.126   -1.434   -1.738   -2.000   -2.220   -1.803   11.758
    .842    -.060     .184     .058     .003    -.003    -.001     .000    -.001    -.002
    .000     .004     .000     .003    -.002     .005    -.006     .007    -.012     .015
   -.019     .019    -.021    -.014

   1.000    1.455    -.793   -1.106   -1.475   -1.877   -2.273   -2.662   -2.319   14.927
    .944    -.035     .103     .030     .002    -.002    -.001     .000    -.002    -.002
    .000    -.006    -.002     .000     .000    -.001     .001    -.001     .002    -.003
    .002    -.004     .002     .001

   1.000    1.515    -.735   -1.069   -1.489   -1.986   -2.526   -3.111   -2.894   18.393
    .001     .000     .000     .000     .000     .000     .000     .000     .000     .000
    .000     .000     .000     .000     .000     .001    -.002     .003    -.004     .005
   -.006     .008    -.009    -.006

   1.000    1.576    -.669   -1.013   -1.473   -2.054   -2.737   -3.537   -3.499   21.962
    .930     .036    -.099    -.024    -.003     .002     .002     .000     .000     .000
    .000     .001     .000     .000     .000     .000     .000     .000     .000    -.001
    .001    -.001     .001     .002

   1.000    1.636    -.595    -.938   -1.421   -2.066   -2.879   -3.895   -4.085   25.324
    .753     .060    -.159    -.032    -.005     .002     .003     .000     .000     .000
    .000    -.002     .001     .000     .000     .000    -.001     .000     .000     .000
    .000     .000     .000     .000

   1.000    1.697    -.514    -.841   -1.326   -2.009   -2.921   -4.129   -4.575   28.018
    .438     .053    -.137    -.022    -.005     .001     .000     .000     .000     .000
    .000    -.001     .001     .000     .000     .000     .000     .000     .001    -.004
   -.001    -.001    -.001    -.003

   1.000    1.758    -.426    -.723   -1.183   -1.864   -2.823   -4.163   -4.861     .002
    .000     .000     .000     .000     .000     .000     .000     .000     .000     .000
    .000     .000     .000     .000     .000     .000     .000     .000     .000     .000
    .000     .000    -.001    -.001

   1.000    1.818    -.331    -.581    -.986   -1.613   -2.541   -3.901   -4.787   28.609
   -.493    -.104     .248     .015     .000     .006    -.001     .000     .000    -.001
    .000    -.002     .000     .000     .000     .000     .000     .000     .000     .000
    .000     .000     .000     .000

   1.000    1.879    -.228    -.414    -.728   -1.235   -2.020   -3.223   -4.148   24.490
   -.884    -.227     .005     .001     .000     .002     .000     .000     .000     .000
    .000     .000     .000     .000     .000     .000     .000     .000     .000     .000
    .000     .000     .000     .000

   1.000     .061    -.228    -.040    -.009    -.003    -.001     .000     .000     .000
    .000     .000     .002     .000     .000     .001     .000     .000     .000     .000
    .000    -.001     .000     .000     .000     .000     .000    -.001     .000     .000
    .000     .000     .000     .000


 BACK:

 X 1 =       1.00010100
 X 2 =        .99597930
 X 3 =        .95055620
 X 4 =       1.08441900
 X 5 =       2.50147600
 X 6 =       2.78184900
 X 7 =      -8.55826600
 X 8 =     -19.26380000
 X 9 =      16.91724000
 X10 =      63.20604000
 X11 =      11.68586000
 X12 =     -66.82143000
 X13 =     -38.16200000
 X14 =      11.71396000
 X15 =       2.67126600
 X16 =       2.71482000
 X17 =      33.52421000
 X18 =      31.90483000
 X19 =      -9.66171400
 X20 =     -10.93082000
 X21 =       2.64524700
 X22 =      -7.25385100
 X23 =      -1.88199800
 X24 =      -5.33808800
 X25 =       -.48031150
 X26 =      12.69791000
 X27 =       1.43994700
 X28 =       -.98974810
 X29 =       3.24193800
 X30 =       2.59215600
 X31 =        .17899500
 X32 =      -3.09423100
 X33 =      -1.01254900

 RISULTATO:
 Errore relativo della soluzione:       1.014965
 
************************************ TEST 3 ******************************************

 Dato un vettore di dimensione N=7
 Data la matrice di Hilbert di ordine N=7

 
MATRICE DI HILBERT:

   1.000     .500     .333     .250     .200     .167     .143    2.593

    .500     .333     .250     .200     .167     .143     .125    1.718

    .333     .250     .200     .167     .143     .125     .111    1.329

    .250     .200     .167     .143     .125     .111     .100    1.096

    .200     .167     .143     .125     .111     .100     .091     .937

    .167     .143     .125     .111     .100     .091     .083     .820

    .143     .125     .111     .100     .091     .083     .077     .730


 FATTORIZZAZIONE DI GAUSS:

   1.000     .500     .333     .250     .200     .167     .143    2.593

    .500     .083     .083     .075     .067     .060     .054     .421

    .333     .083     .010     .016     .019     .021     .022     .089

    .250     .075     .008    -.001    -.001    -.002    -.002    -.006

    .200     .067     .010     .000     .000     .000     .000     .000

    .167     .060     .010     .000     .000     .000     .000     .000

    .143     .054     .006    -.001     .000     .000     .000     .000


 BACK:

 X 1 =       1.00267400
 X 2 =        .89385180
 X 3 =       2.01883300
 X 4 =      -2.94969400
 X 5 =       8.22440600
 X 6 =      -5.23070800
 X 7 =       3.04247700

 RISULTATO:
 Errore relativo della soluzione:   8.784107E-01
 
--------------------------- ANALISI -----------------------------------
Considerando la matrice di Vandermonde di ordine N=7 l'errore sulla soluzione è ERR = 6.794883E-06,
mentre, mantendendo l'ordine N=7, ma considerando la matrice di Hilbert, si ottiene ERR = 8.784107E-01.
Di conseguenza confrontando i due risultati ottenuti si evince che la matrice di Hilbert è mal condizionata
rispetto a quella di Vandermonde dello stesso ordine. 
