        1.000000
        1.414214
        2.561553
        2.613126
        3.311635
        4.089241
        4.726551
        5.641765
        6.308616
        7.230494
        7.923594
        8.837782
        9.550547
       10.455700
       11.183250
       12.080230
       12.819180
       13.709150
       14.457090
       15.341100
       16.096340
       16.975270
       17.736490
       18.611080
       19.377310
       20.248140
       21.018630
       21.886190
       22.660330
       23.525010
       24.302340
       25.164480
       25.944570
       26.804460
